honest_y1_p1_p1|2|
[ [ -1, -1, -2, -2, 1, 2, 2, 1, -2, -2, -2, -1, 2, 2, 1, -2, 1, 2, 2 ], 
  [ -2, -1, -2, -2, 1, 2, 2, 1, -2, -2, -1, 2, 2, 1, 2, 2, -1, -2, -2, -1, 2, 
      2, 1, -2 ], 
  [ -1, -2, -2, -2, -2, 1, 2, 2, 1, -2, -2, -1, 2, -1, 2, 2, 1, 2, -1, -2, 
      -2, 1, 2, 2, 1, -2 ], 
  [ -2, -2, 1, -2, -1, 2, 2, 1, -2, 1, 2, 2, 2, 2, -1, -2, -2, -1, 2, 2, 2, 
      2, 1, -2, -1, -1, -2, -2, 1 ], 
  [ 2, 2, 1, -2, -1, -1, -2, -2, 1, 1, 2, 2, -1, -1, -2, -2, -1, 2, 2, 1, 1, 
      -2, -1, 2, 2, 1, 2, -1, -2, -2, -1, 2, 2, 1, -2, -2, 1, 2, -1 ] ]|
[ [ -5, -2, -5, -5, 2, 5, 5, 2, -5, -5, -2, 5, 5 ], [ 2 ], 
  [ -2, -5, -5, 2, 5, 5, 2, -5, -5, -2, 5 ], [ 5, 2, -5 ], [ 5 ], 
  [ -5, -2, -5, -5, 2, 5, 5, 2, -5, -5, -2, 5, 5, 2, 5, 5, -2, -5 ], 
  [ -5, -5, 2, 5, 5, -2, -5, -5, -2, 5, 5, 2 ], 
  [ -2, -5, -5, 2, 5, 5, 2, -5, -5, -2, 5, 5, 2, 5, 2, -5, -5, -2, -5, -5, 2, 
      5, 5, -2, -5, -5, -2, 5, 5, 2, 5 ] ]|[ [ 2 ], [ 5 ] ]
honest_y1_p1_m1|2|
[ [ -2, -1, 2, 2, -1, -2, -2, 1, 2, 2, 1, 2, 2, -1, -2, -2, -2, -1, 2, 2, 1, 
      -2, -2 ], 
  [ 2, 2, 1, -2, -2, -1, 2, 2, -1, -2, -2, 1, -2, -2, -1, 2, 2, 1, -2, -2, 1, 
      2, 2, -1 ], 
  [ -1, 2, 2, 2, 2, 1, -2, -2, 1, 2, 2, -1, -2, -2, -2, -1, -2, -2, 1, -2, 
      -1, 2, 2, 1, -2, -2, 1, 2 ], 
  [ 1, -2, -2, -1, 2, 2, -1, -2, -2, 1, 2, 2, 2, -1, -2, -2, 1, -2, -1, 2, 2, 
      1, -2, -2, 1, 2, 2, -1, -2, -2, -1, 2, 2, 1 ], 
  [ 1, -2, -1, 2, 2, 1, -2, -2, 1, 2, 2, -1, -2, -1, -2, -2, 1, 2, 2, 2, 1, 
      -2, -1, -2, -2, 1, -2, -1, 2, 2, -1, -2, -2, 1, 2, 2, 2, 2, 1, -2, -2, 
      -1, 2, 2 ] ]|[ [ -5, -5, -5, -2, 5, 5, 2, -5, -5, 2, 5, 5, -2 ], [ 2 ], 
  [ -5, -5, -2, 5, 5, 2, -5, -5, 2, 5, 5, -2, -5 ], [ 5, 2, -5 ], [ 5 ], 
  [ 5, 5, 2, -5, -5, -2, -5, -5, -2, 5, 5, 2, -5, -5, 2, 5, 5 ], 
  [ 2, -5, -5, -2, 5, 5, -2, -5, -5, 2, 5, 5 ], [ 5, 5, 2, -5, -5, -2 ] ]|
[ [ 2 ], [ 5 ] ]
honest_y1_m1_p1|2|
[ [ 1, 2, 2, -1, -1, -2, -2, 1, 2, 2, 1, -2, -2, -1, 2, -1, 2, 2, 1, -2, -2, 
      -2 ], [ 1, 2, 2, -1, -2, -2, -1, 2, 2, 1, -2, -2, 1, -2, -2, -1, 2, 2, 
      2, -1, -2, -2, 1, 2 ], 
  [ -1, -2, -2, 1, -2, -1, 2, 2, 1, -2, -2, -2, 1, 2, 2, -1, -2, -1, 2, 2, 1, 
      2, -1, -2, -2, 1, 2, 2, 1, -2 ], 
  [ -1, 2, 2, 1, 2, 2, 2, -1, -2, -2, 1, 2, 2, 1, -2, -2, -1, -1, -2, -2, 1, 
      -2, -1, 2, 2, 1, -2, -2, -2, 1, 2 ], 
  [ -2, -2, -2, -2, -1, 2, 2, 2, -1, -2, -2, 1, 2, 1, -2, -2, -2, 1, 2, 2, 
      -1, -2, -2, -1, 2, 2, 1, -2, -2, -1, 2, 2, 2, -1, -2, -2, 1, 2, 2, 2, 
      2, 2, 1, -2, -2, -2, 1, 2, 2, -1 ] ]|
[ [ -5, -5, -5, 2, 5, 5, -2, -5, -5, -2, 5, 5, 2 ], [ 2 ], 
  [ -5, -5, 2, 5, 5, -2, -5, -5, -2, 5, 5, 2, -5 ], [ 5, 2, -5 ], [ 5 ], 
  [ -5, -2, -5, -5, 2, 5, 5, 2, -5, -5, -2, 5, 5, 2, 5, 5, -2, -5 ], 
  [ -5, -5, 2, 5, 5, -2, -5, -5, -2, 5, 5, 2 ], [ 5, 5, 2, -5, -5, -2 ] ]|
[ [ 2 ], [ 5 ] ]
honest_y1_m1_m1|2|
[ [ 1, -2, -2, -1, -1, 2, 2, 1, -2, -2, 1, 2, 2, -1, 2, -1, -2, -2, 1, 2 ], 
  [ 2, 2, -1, -2, -2, 1, 2, 1, -2, -2, -1, -2, -2, 1, 2, 2, -1, -2, -1, 2, 2, 
      1 ], [ -1, -2, -2, 1, -2, 1, 2, 2, -1, -2, -1, 2, 2, 1, -2, -1, 2, 2, 
      1, 2, -1, -2, -2, 1, 2, 1, -2 ], 
  [ 2, -1, -2, -2, 1, -2, -1, 2, 2, 1, -2, -2, 1, 2, -1, 2, 2, 1, 2, -1, -2, 
      -2, 1, 2, 1, -2, -2, -1 ], 
  [ -2, -2, -1, 2, 2, -1, -2, -2, -2, -2, -2, -2, -1, 2, 2, 1, -2, -2, 1, 2, 
      2, 2, 1, -2, -2, -1, 2, 2, -1, -1, 2, 2, 1, -2, -2, 1, 2, 2, 2, 1 ] ]|
[ [ -5, 2, -5, -5, -2, 5, 5, -2, -5, -5, 2, 5, 5 ], [ 2 ], 
  [ 2, -5, -5, -2, 5, 5, -2, -5, -5, 2, 5 ], [ 5, 2, -5 ], [ 5 ], 
  [ 2, -5, -5, -2, -2, 5, 5, 2, -5, -5, 2, 5, 5, -2 ], 
  [ 2, -5, -5, -2, 5, 5, -2, -5, -5, 2, 5, 5 ], [ 5, 5, 2, -5, -5, -2 ] ]|
[ [ 2 ], [ 5 ] ]
honest_y2_p1_p1|2|
[ [ 2, 1, -2, -1, -1, -2, 1, 2, 2, 1, -2, -1, 2, -1, -2, 1, -2, -1, 2, 1, 2, 
      -1, -2, 1 ], 
  [ 1, -2, -1, 2, -1, -2, 1, 2, 2, 1, -2, -1, -1, -2, 1, 2, 1, -2, -1, 2, 1, 
      2, -1, -2 ], 
  [ -2, 1, 1, 2, 2, 1, -2, -1, -1, -2, 1, 2, 2, 1, -2, -1, -1, -2, -1, 2, 1, 
      2, 1, 2, -1, -2, -2, -1, 2, 1 ], 
  [ 2, -1, -2, -2, -1, 2, 1, 2, -1, -2, 1, 2, 2, 1, -2, -2, -1, 2, 1, 2, -1, 
      -2, -2, -1, 2, 1, -2, -1, -2, 1, 2 ], 
  [ 2, 1, 2, -1, -2, -2, 1, 2, 2, 1, -2, -1, -1, -2, 1, 2, 2, 1, -2, -1, -1, 
      2, 1, -2, 1, 2, -1, -2, -2, -1, 2, 1 ], 
  [ 1, 2, -1, -2, -2, -1, 2, 1, 2, 1, -2, -1, -2, 1, 2, -1, -2, -2, -1, 2, 1, 
      2, -1, -2, -1, -2, 1, 2, 2, 1, -2, -1, 2 ], 
  [ -1, 2, -1, -2, -2, -1, 2, 1, 2, -1, -2, 1, 2, 2, 1, -2, 1, 1, 2, -1, -2, 
      -2, -1, 2, 1, -2, -1, -2, 1, 2, 2, 1, -2, -1 ] ]|
[ [ 1 ], [ -1, -6, 1, 6 ], 
  [ -1, -6, 1, 6, 6, 1, -6, 1, 6, -1, -6, -6, -1, 6, 1 ], 
  [ 1, 6, -1, -6, -1, -6, 1, 6, 6, 1, -6, -1 ], 
  [ 1, 6, -1, -6, -6, -1, 6, 1 ], [ 6 ], [ -1, -6, 1, 6, 6, 1, -6 ], 
  [ 6, -1, -6, -6, -1, 6, 1, -6 ] ]|[ [ 1 ], [ 6 ] ]
honest_y2_p1_m1|2|
[ [ 2, 1, -2, -1, -1, -2, 1, 2, 2, 1, -2, -1, 2, -1, -2, 1, -2, -1, 2, 1, 2, 
      -1, -2, 1 ], 
  [ 1, -2, -1, 2, -1, -2, 1, 2, 2, 1, -2, -1, -1, -2, 1, 2, 1, -2, -1, 2, 1, 
      2, -1, -2 ], 
  [ -2, 1, 2, -1, 2, 1, -2, -1, -2, 1, 2, -1, 2, 1, -2, -2, -1, 2, 1, 2, -1, 
      -2, -2, -2, -1, 2, 1, 2, -1, -2 ], 
  [ 2, -1, -2, -2, -1, 2, 1, 2, -1, -2, 1, 2, 2, 1, -2, -2, -1, 2, 1, 2, -1, 
      -2, -2, -1, 2, 1, -2, -1, -2, 1, 2 ], 
  [ 2, 1, 2, -1, -2, -2, -1, 2, 2, 1, -2, -1, -2, 1, 2, -1, 2, 1, -2, -1, -2, 
      1, 2, 1, 2, -1, -2, -2, -1, 2, 1 ] ]|
[ [ 1 ], [ -1, -6, 1, 6 ], 
  [ -1, -6, 1, 6, 6, 1, -6, 1, 6, -1, -6, -6, -1, 6, 1 ], 
  [ 1, 6, -1, -6, -1, -6, 1, 6, 6, 1, -6, -1 ], 
  [ 1, 6, -1, -6, -6, -1, 6, 1 ], [ 6 ], [ -1, -6, 1, 6, 6, 1, -6 ], 
  [ 6, -1, -6, 1, 6, 6, 1, -6 ] ]|[ [ 1 ], [ 6 ] ]
honest_y2_m1_p1|2|
[ [ -2, 1, 2, -1, -2, -1, 2, 1, 2, -1, -2, -1, -2, -1, 2, 1, -2, 1, 2, 2, 1, 
      -2 ], [ 1, 2, -1, -2, -1, -2, -1, 2, 1, 2, -1, -2, -1, 2, 1, -2, -2, 1, 
      2, 2, 1, -2 ], 
  [ 2, -1, -2, -2, 1, 2, 2, 1, -2, -1, -2, -2, -1, 2, 2, 1, -2, -1, -2, 1, 2, 
      2, 1 ], 
  [ 1, 2, 2, 1, -2, 1, 2, -1, -2, -2, -1, 2, -1, -2, -2, -1, 2, -1, -2, 1, 2, 
      2, 1, -2 ], 
  [ -2, 1, 2, 2, -1, -2, -2, -1, 2, 2, 2, -1, -2, -2, -1, 2, 2, 1, -2, -2, 1, 
      2, 2, 1, -2 ], 
  [ 2, -1, -2, -2, -1, 2, 1, 1, -2, 1, 2, 2, 1, -2, -1, -2, -2, -1, 2, -1, 
      -1, -2, 1, 2, 2, 1 ], 
  [ 2, 2, 2, -1, -2, -2, -1, -1, 2, 1, -2, 1, 2, 2, 1, -2, -2, -2, 1, 2, 2, 
      -1, -2, -2, -1, 2 ] ]|
[ [ 1 ], [ -1, -6, 1, 6 ], [ 6, -1, -6, -6, -1, 6, 1, -6, 1, 6, 6, 1, -6 ], 
  [ -6, 1, 6, 6, 1, -6, -1, -6, 1, 6, 6, -1, -6, -6, -1, 6 ], 
  [ -6, 1, 6, 6, 1, -6 ], [ 6 ], [ -1, -6, 1, 6, 6, 1, -6 ], 
  [ -6, 1, 6, 6, 1, -6, -1, -6, -6, -1, 6, 6, -1, -6, -6, -1, 6, 1 ] ]|
[ [ 1 ], [ 6 ] ]
honest_y2_m1_m1|2|
[ [ -1, -2, -2, -1, 2, -1, -2, 1, 2, 2, 1, 1, 2, 2, 1, -2, 1, 2, -1, -2, -2, 
      -1 ], [ -1, -2, 1, 2, 1, -2, -1, -2, 1, 2, 1, 2, 1, -2, -1, 2, -1, -2, 
      -2, -1, 2, 2 ], 
  [ -2, 1, 2, 2, 1, -2, 1, 2, 2, 1, -2, -2, -1, 2, 2, -1, -2, -2, -1, 2, 2, 
      -1, -2 ], 
  [ -1, -2, -2, -1, 2, 1, -2, 1, 2, 2, 1, 2, -1, -2, -2, -1, 2, -1, -2, 1, 2, 
      2, 1, -2 ], 
  [ 1, 2, -1, -1, -2, -2, -1, 2, 2, -1, -2, -2, -1, 2, 2, 1, -2, -2, -2, 1, 
      2, 2, 1, -2 ], 
  [ -2, 1, 2, 2, -1, -2, -2, -1, 2, 2, -1, -2, -2, -1, -1, 2, 1, -2, 1, 2, 2, 
      1, -2, -2 ] ]|
[ [ 1 ], [ -1, -6, 1, 6 ], [ 6, -1, -6, -6, -1, 6, 1, -6, 1, 6, 6, 1, -6 ], 
  [ -6, 1, 6, 6, 1, -6, -1, -6, 1, 6, 6, -1, -6, -6, -1, 6 ], 
  [ -6, 1, 6, 6, 1, -6 ], [ 6 ], [ -1, -6, 1, 6, 6, 1, -6 ], 
  [ -1, -6, 1, 6, 6, 1, -6, -6, 1, 6, 6, 1, 6, -1, -6, -6, -1, 6 ] ]|
[ [ 1 ], [ 6 ] ]
